club_profile_user29_rank_aggregate
inputs=3 reports\club_profile_user29_team_trace_y5_s424242_after_tottori_11211.txt reports\club_profile_user29_team_trace_y5_s424243_after_tottori_11211.txt reports\club_profile_user29_team_trace_y5_s424244_after_tottori_11211.txt
Scope: after_season_y* → rank_last, ovr_mean, age_mean; after_offseason_y* → cum_tin, cum_tout, cum_fa (pooled across all seeds×years).
Rates: top_rate=P(rank<=4), upper_rate=P(rank<=8), bottom_rate=P(rank>=13).

team_id name n mean_rank median_rank best worst top_rate upper_rate bottom_rate mean_ovr mean_age mean_cum_tin mean_cum_tout mean_cum_fa
----------------------------------------------------------------------------------------------------------------------------------------
1 'エルバード東京' 15 10.733 10.0 5 16 0.000 0.333 0.400 67.153 26.985 1.067 1.067 0.000
2 '千葉ジャイアンツ' 15 10.133 10.0 2 16 0.133 0.267 0.267 69.525 27.385 1.000 1.000 0.000
3 '琉球プラチナクラウンズ' 15 8.467 9.0 2 16 0.267 0.467 0.200 69.139 25.913 0.333 0.333 0.267
4 '宇都宮ブレイバーズ' 15 11.800 12.0 4 16 0.067 0.200 0.467 66.793 26.139 0.533 0.533 0.000
5 '名古屋ハートホエールズ' 15 11.467 11.0 6 16 0.000 0.133 0.333 68.246 25.650 0.600 0.600 0.867
6 'ビーホークス三河' 15 5.733 4.0 1 15 0.600 0.800 0.200 70.651 26.835 1.933 1.933 1.133
7 '川崎ブレイクライトニング' 15 10.533 11.0 2 16 0.133 0.400 0.333 68.965 27.213 0.733 0.733 0.400
8 '群馬ブラックボルツ' 15 9.267 9.0 3 16 0.200 0.400 0.333 68.333 26.410 0.533 0.533 0.133
9 '長崎パルカンズ' 15 8.000 7.0 1 15 0.267 0.600 0.333 70.425 26.625 0.400 0.400 0.733
10 '佐賀ブーマーズ' 15 11.800 13.0 4 16 0.067 0.200 0.533 68.103 27.076 1.000 1.000 0.733
11 '広島タイガーランズ' 15 8.733 8.0 1 16 0.133 0.533 0.267 68.885 26.535 0.667 0.667 2.067
12 'シンライダーズ渋谷' 15 10.067 12.0 1 16 0.133 0.333 0.467 66.594 25.988 0.400 0.400 0.333
13 '大阪エビーズ' 15 7.267 6.0 1 16 0.467 0.667 0.267 69.227 26.546 0.733 0.733 0.933
14 '浜松サンダーバーズ' 15 9.667 10.0 1 16 0.200 0.400 0.333 67.420 25.399 0.133 0.133 0.333
15 '島根カグヅチウィザーズ' 15 11.000 12.0 2 15 0.067 0.200 0.400 69.159 26.793 1.133 1.133 0.533
16 '横浜パイレーツ' 15 6.200 5.0 2 15 0.333 0.800 0.067 70.091 26.839 0.467 0.467 0.733
17 'アペカムイ北海道' 15 8.467 10.0 1 16 0.333 0.467 0.200 68.693 27.103 0.800 0.800 0.000
18 '仙台46ers' 15 5.267 4.0 1 15 0.600 0.867 0.067 69.107 27.062 0.467 0.467 0.333
19 '秋田ノースラッキーズ' 15 6.800 6.0 1 15 0.333 0.600 0.067 67.982 26.029 0.667 0.667 0.000
20 '茨城メカニックス' 15 6.000 6.0 1 16 0.400 0.733 0.067 69.851 26.012 0.000 0.000 0.067
21 '越谷ガンマズ' 15 8.133 8.0 3 16 0.333 0.533 0.267 68.390 27.335 0.600 0.600 0.067
22 'エルトゥール千葉' 15 9.200 8.0 4 15 0.133 0.533 0.333 67.385 26.431 0.400 0.400 0.067
25 '滋賀リバーズ' 15 6.067 6.0 1 12 0.467 0.733 0.000 69.656 26.795 0.533 0.533 0.667
26 '京都ホーネッツ' 15 8.333 9.0 1 16 0.267 0.467 0.267 69.407 26.237 0.867 0.867 0.333
27 '神戸スパーズ' 15 10.400 11.0 2 16 0.067 0.200 0.200 66.423 26.710 0.067 0.067 0.000
29 '福岡ファルコンズ' 15 9.333 9.0 3 16 0.067 0.467 0.333 66.869 26.041 1.133 1.133 0.000
33 '青森ワルツ' 15 8.533 9.0 1 15 0.333 0.467 0.267 68.385 26.298 0.933 0.933 0.000
38 '奈良ディアーズ' 15 8.067 8.0 1 16 0.333 0.533 0.200 68.975 26.735 0.400 0.400 0.067
46 '鳥取サキューズ' 15 6.467 6.0 1 13 0.333 0.733 0.133 71.040 26.277 1.067 1.067 0.200

--- Focus: Nara 38, Tottori 46 ---
38 '奈良ディアーズ' 15 8.067 8.0 1 16 0.333 0.533 0.200 68.975 26.735 0.400 0.400 0.067
46 '鳥取サキューズ' 15 6.467 6.0 1 13 0.333 0.733 0.133 71.040 26.277 1.067 1.067 0.200

--- Focus: strong (1,2,3,4,8,9) ---
1 'エルバード東京' 15 10.733 10.0 5 16 0.000 0.333 0.400 67.153 26.985 1.067 1.067 0.000
2 '千葉ジャイアンツ' 15 10.133 10.0 2 16 0.133 0.267 0.267 69.525 27.385 1.000 1.000 0.000
3 '琉球プラチナクラウンズ' 15 8.467 9.0 2 16 0.267 0.467 0.200 69.139 25.913 0.333 0.333 0.267
4 '宇都宮ブレイバーズ' 15 11.800 12.0 4 16 0.067 0.200 0.467 66.793 26.139 0.533 0.533 0.000
8 '群馬ブラックボルツ' 15 9.267 9.0 3 16 0.200 0.400 0.333 68.333 26.410 0.533 0.533 0.133
9 '長崎パルカンズ' 15 8.000 7.0 1 15 0.267 0.600 0.333 70.425 26.625 0.400 0.400 0.733

--- Focus: tier4-ish (6,8,9,10,16,17,22) ---
6 'ビーホークス三河' 15 5.733 4.0 1 15 0.600 0.800 0.200 70.651 26.835 1.933 1.933 1.133
8 '群馬ブラックボルツ' 15 9.267 9.0 3 16 0.200 0.400 0.333 68.333 26.410 0.533 0.533 0.133
9 '長崎パルカンズ' 15 8.000 7.0 1 15 0.267 0.600 0.333 70.425 26.625 0.400 0.400 0.733
10 '佐賀ブーマーズ' 15 11.800 13.0 4 16 0.067 0.200 0.533 68.103 27.076 1.000 1.000 0.733
16 '横浜パイレーツ' 15 6.200 5.0 2 15 0.333 0.800 0.067 70.091 26.839 0.467 0.467 0.733
17 'アペカムイ北海道' 15 8.467 10.0 1 16 0.333 0.467 0.200 68.693 27.103 0.800 0.800 0.000
22 'エルトゥール千葉' 15 9.200 8.0 4 15 0.133 0.533 0.333 67.385 26.431 0.400 0.400 0.067

--- Compare: 14,15,19,33 ---
14 '浜松サンダーバーズ' 15 9.667 10.0 1 16 0.200 0.400 0.333 67.420 25.399 0.133 0.133 0.333
15 '島根カグヅチウィザーズ' 15 11.000 12.0 2 15 0.067 0.200 0.400 69.159 26.793 1.133 1.133 0.533
19 '秋田ノースラッキーズ' 15 6.800 6.0 1 15 0.333 0.600 0.067 67.982 26.029 0.667 0.667 0.000
33 '青森ワルツ' 15 8.533 9.0 1 15 0.333 0.467 0.267 68.385 26.298 0.933 0.933 0.000
