cpu_auto_trade_position_need_scale_multi_compare
years=3  scales=[1.0, 0.92, 0.9, 0.88]  seeds=[424242, 424243, 424244, 424245, 424246]
scale は subprocess 前に BASKETBALL_SIM_POSITION_NEED_BONUS_SCALE を設定

seed	scale	n_trades	mean_ovr	mean_age	pos_need_A	pos_need_B	pos_need_avg	mean_ga	mean_gb	push	hold	rebuild
424242	0.88	17	65.5000	27.7059	2.4847	2.6659	2.5753	3.2647	2.9941	29	5	0
424242	0.90	17	65.5000	27.7059	2.5412	2.7265	2.6338	3.3471	3.0529	29	5	0
424242	0.92	22	66.0455	25.6818	1.5891	3.6800	2.6345	3.5227	2.7000	39	5	0
424242	1.00	21	66.8095	26.8095	2.6429	3.1429	2.8929	3.8238	2.6286	38	4	0
424243	0.88	12	68.0417	26.0833	0.2200	2.5667	1.3933	2.6333	3.3167	18	4	2
424243	0.90	13	67.3846	25.4231	0.5538	2.2500	1.4019	2.3308	3.4308	20	4	2
424243	0.92	11	65.8636	23.9545	1.4636	3.0527	2.2582	2.6545	3.2273	16	4	2
424243	1.00	13	67.0769	27.3462	3.2308	2.3077	2.7692	3.7769	3.1615	19	4	3
424244	0.88	13	65.5000	24.8077	2.6400	3.8585	3.2492	4.2615	3.4154	20	4	2
424244	0.90	13	65.4615	24.7692	2.7000	3.9462	3.3231	4.3538	3.4308	20	4	2
424244	0.92	13	65.4615	24.7692	2.7600	4.0338	3.3969	4.4308	3.5231	20	4	2
424244	1.00	14	65.7500	24.1786	2.4286	3.3929	2.9107	3.0643	3.9714	22	4	2
424245	0.88	16	66.9375	25.8438	3.2175	3.0800	3.1488	3.5250	3.7000	29	3	0
424245	0.90	16	66.9375	25.8438	3.2906	3.1500	3.2203	3.5938	3.7563	29	3	0
424245	0.92	14	67.8214	26.3214	3.4829	4.0414	3.7621	4.4000	3.6500	23	5	0
424245	1.00	13	68.4615	27.0385	3.5769	3.8462	3.7115	4.6154	3.8538	21	5	0
424246	0.88	14	69.6071	27.4643	2.4514	3.0486	2.7500	3.1571	3.7286	23	4	1
424246	0.90	14	69.6071	27.4643	2.5071	3.1179	2.8125	3.2214	3.8071	23	4	1
424246	0.92	10	65.0000	25.0000	2.3920	3.0820	2.7370	3.8400	4.0300	18	1	1
424246	1.00	10	65.0000	25.0000	2.6000	3.3500	2.9750	4.0400	4.3100	18	1	1

Across seeds (simple mean of per-seed metrics):
  scale=1.00  avg n_trades=14.20  avg mean_ovr=66.620  avg mean_age=26.075  avg pos_need_avg=3.0519
  scale=0.92  avg n_trades=14.00  avg mean_ovr=66.038  avg mean_age=25.145  avg pos_need_avg=2.9577
  scale=0.90  avg n_trades=14.60  avg mean_ovr=66.978  avg mean_age=26.241  avg pos_need_avg=2.6783
  scale=0.88  avg n_trades=14.40  avg mean_ovr=67.117  avg mean_age=26.381  avg pos_need_avg=2.6233

Per-seed delta (0.88 - 1.00) for n_trades, mean_ovr, mean_age, pos_need_avg:
  seed 424242: d_n=-4  d_ovr=-1.3095  d_age=+0.8964  d_pos=-0.3176
  seed 424243: d_n=-1  d_ovr=+0.9648  d_age=-1.2629  d_pos=-1.3759
  seed 424244: d_n=-1  d_ovr=-0.2500  d_age=+0.6291  d_pos=+0.3385
  seed 424245: d_n=+3  d_ovr=-1.5240  d_age=-1.1947  d_pos=-0.5627
  seed 424246: d_n=+4  d_ovr=+4.6071  d_age=+2.4643  d_pos=-0.2250
