inspect_initial_team_salary_scale.py
seed_used=424242  also_normalize=True

正本メモ:
  - 48チーム生成: systems/generator.py generate_teams
  - 開幕年俸帯・総額: systems/opening_roster_salary_v11.py (roll_target_team_payroll, apply_opening_team_payroll_v11)
  - 新規世界末尾: main.build_initial_game_world → normalize_initial_payrolls_for_teams
    （上限超のみ縮小: contract_logic.normalize_team_payroll_under_league_cap）

========================================================================
Phase A: generate_teams() 直後（CPU 開幕ロスター・全48）
normalize 未適用
========================================================================
team_id  team_name                      div    tier   pl    total_salary         avg         max         min
      1  エルバード東京                         D1     top   13     989,143,476  76,087,959  224,273,012  40,650,783
      2  千葉ジャイアンツ                        D1  middle   13     953,342,184  73,334,014  176,786,220  34,000,000
      3  琉球プラチナクラウンズ                     D1  middle   13     996,728,550  76,671,426  201,260,000  39,100,000
      4  宇都宮ブレイバーズ                       D1  bottom   13     805,893,072  61,991,774  124,362,413  35,695,237
      5  名古屋ハートホエールズ                     D1  middle   13     973,339,337  74,872,256  185,811,303  36,100,481
      6  ビーホークス三河                        D1     top   13   1,186,618,849  91,278,373  225,000,000  39,505,689
      7  川崎ブレイクライトニング                    D1  bottom   13     781,460,794  60,112,368  125,628,747  36,553,055
      8  群馬ブラックボルツ                       D1  middle   13   1,014,000,000  78,000,000  175,000,000  34,000,000
      9  長崎パルカンズ                         D1     top   13   1,161,904,520  89,377,270  213,350,591  40,190,638
     10  佐賀ブーマーズ                         D1  middle   13   1,015,719,723  78,132,286  186,362,640  35,760,339
     11  広島タイガーランズ                       D1     top   13   1,236,081,185  95,083,168  225,000,000  38,566,836
     12  シンライダーズ渋谷                       D1  bottom   13     828,742,294  63,749,407  122,126,441  36,788,489
     13  大阪エビーズ                          D1  middle   13     987,073,265  75,928,712  191,263,182  34,734,395
     14  浜松サンダーバーズ                       D1  middle   13     972,507,179  74,808,244  200,627,766  34,275,966
     15  島根カグヅチウィザーズ                     D1  bottom   13     822,686,344  63,283,564  163,347,158  34,000,000
     16  横浜パイレーツ                         D1  middle   13   1,028,148,402  79,088,338  218,033,351  34,730,710
     17  アペカムイ北海道                        D2  middle   13     715,104,201  55,008,015  124,157,879  16,929,666
     18  仙台46ers                         D2  middle   13     731,653,722  56,281,055  137,859,266  16,408,346
     19  秋田ノースラッキーズ                      D2     top   13     798,477,713  61,421,362  112,000,000  19,828,907
     20  茨城メカニックス                        D2     top   13     762,356,218  58,642,786  108,769,289  17,751,540
     21  越谷ガンマズ                          D2  bottom   13     575,484,145  44,268,011  88,000,000  16,000,000
     22  エルトゥール千葉                        D2  middle   13     720,778,295  55,444,484  115,536,158  16,805,259
     23  富山グリズリーズ                        D2  bottom   13     571,898,711  43,992,208  88,000,000  16,000,000
     24  メタル名古屋                          D2  bottom   13     615,863,338  47,374,102  102,840,259  17,437,343
     25  滋賀リバーズ                          D2  middle   13     697,564,834  53,658,833  112,000,000  16,817,428
     26  京都ホーネッツ                         D2  middle   13     687,774,631  52,905,740  108,587,508  18,190,208
     27  神戸スパーズ                          D2  bottom   13     595,379,333  45,798,410  96,768,516  16,742,477
     28  信州ブレイクストーンズ                     D2  middle   13     726,741,143  55,903,164  112,000,000  18,968,778
     29  福岡ファルコンズ                        D2  middle   13     717,000,881  55,153,913  132,680,996  17,083,773
     30  熊本バッテリーズ                        D2  middle   13     690,367,624  53,105,201  121,277,538  16,951,597
     31  福島フレイムボムズ                       D2     top   13     798,217,502  61,401,346  112,000,000  20,342,023
     32  福井ストームズ                         D2     top   13     761,352,594  58,565,584  112,000,000  17,599,031
     33  青森ワルツ                           D3  bottom   13     390,703,611  30,054,123  56,525,301  14,400,802
     34  岩手ベアーズ                          D3  middle   13     498,852,822  38,373,294  72,000,000  18,000,000
     35  山形ドラゴンズ                         D3  middle   13     510,656,953  39,281,304  72,000,000  18,000,000
     36  横浜マーベラス                         D3  middle   13     499,193,948  38,399,534  72,000,000  18,000,000
     37  サミッツ静岡                          D3     top   13     564,359,438  43,412,264  72,000,000  18,000,000
     38  奈良ディアーズ                         D3     top   13     560,536,149  43,118,165  72,000,000  18,000,000
     39  愛媛レッドホークス                       D3     top   13     568,522,421  43,732,493  72,000,000  18,000,000
     40  鹿児島ナイツ                          D3  middle   13     478,444,775  36,803,444  66,571,167  18,000,000
     41  新潟エルトロックス                       D3  middle   13     505,105,772  38,854,290  79,061,407  17,135,186
     42  金沢ニンジャズ                         D3     top   13     596,325,369  45,871,182  82,000,000  18,000,000
     43  岐阜フォークス                         D3  middle   13     507,063,830  39,004,910  72,000,000  18,000,000
     44  香川スピアーズ                         D3  bottom   13     388,303,728  29,869,517  65,738,963  14,638,157
     45  徳島ファイティングス                      D3  bottom   13     409,413,088  31,493,314  68,464,841  15,559,464
     46  鳥取サキューズ                         D3  middle   13     511,759,318  39,366,101  81,518,866  17,882,304
     47  埼玉ライバルズ                         D3  middle   13     479,178,317  36,859,870  79,044,097  17,746,830
     48  岡山リングス                          D3  bottom   13     401,003,699  30,846,438  57,115,064  14,650,146

Division summary (avg total_salary per team)
  D1: 平均総年俸 984,586,823 円/チーム（16チーム・合計 15,753,389,174 円）
  D2: 平均総年俸 697,875,930 円/チーム（16チーム・合計 11,166,014,885 円）
  D3: 平均総年俸 491,838,952 円/チーム（16チーム・合計 7,869,423,238 円）

D3 bottom tier only: 4 teams, avg total_salary = 397,356,031 円/チーム
    id=33 '青森ワルツ' total=390,703,611 avg=30,054,123 max=56,525,301 min=14,400,802
    id=44 '香川スピアーズ' total=388,303,728 avg=29,869,517 max=65,738,963 min=14,638,157
    id=45 '徳島ファイティングス' total=409,413,088 avg=31,493,314 max=68,464,841 min=15,559,464
    id=48 '岡山リングス' total=401,003,699 avg=30,846,438 max=57,115,064 min=14,650,146

========================================================================
Phase B: normalize_initial_payrolls_for_teams 直後
調整したチーム数 = 2
========================================================================
team_id  team_name                      div    tier   pl    total_salary         avg         max         min
      1  エルバード東京                         D1     top   13     989,143,476  76,087,959  224,273,012  40,650,783
      2  千葉ジャイアンツ                        D1  middle   13     953,342,184  73,334,014  176,786,220  34,000,000
      3  琉球プラチナクラウンズ                     D1  middle   13     996,728,550  76,671,426  201,260,000  39,100,000
      4  宇都宮ブレイバーズ                       D1  bottom   13     805,893,072  61,991,774  124,362,413  35,695,237
      5  名古屋ハートホエールズ                     D1  middle   13     973,339,337  74,872,256  185,811,303  36,100,481
      6  ビーホークス三河                        D1     top   13   1,176,000,000  90,461,538  222,986,514  39,152,159
      7  川崎ブレイクライトニング                    D1  bottom   13     781,460,794  60,112,368  125,628,747  36,553,055
      8  群馬ブラックボルツ                       D1  middle   13   1,014,000,000  78,000,000  175,000,000  34,000,000
      9  長崎パルカンズ                         D1     top   13   1,161,904,520  89,377,270  213,350,591  40,190,638
     10  佐賀ブーマーズ                         D1  middle   13   1,015,719,723  78,132,286  186,362,640  35,760,339
     11  広島タイガーランズ                       D1     top   13   1,176,000,000  90,461,538  214,063,611  36,692,249
     12  シンライダーズ渋谷                       D1  bottom   13     828,742,294  63,749,407  122,126,441  36,788,489
     13  大阪エビーズ                          D1  middle   13     987,073,265  75,928,712  191,263,182  34,734,395
     14  浜松サンダーバーズ                       D1  middle   13     972,507,179  74,808,244  200,627,766  34,275,966
     15  島根カグヅチウィザーズ                     D1  bottom   13     822,686,344  63,283,564  163,347,158  34,000,000
     16  横浜パイレーツ                         D1  middle   13   1,028,148,402  79,088,338  218,033,351  34,730,710
     17  アペカムイ北海道                        D2  middle   13     715,104,201  55,008,015  124,157,879  16,929,666
     18  仙台46ers                         D2  middle   13     731,653,722  56,281,055  137,859,266  16,408,346
     19  秋田ノースラッキーズ                      D2     top   13     798,477,713  61,421,362  112,000,000  19,828,907
     20  茨城メカニックス                        D2     top   13     762,356,218  58,642,786  108,769,289  17,751,540
     21  越谷ガンマズ                          D2  bottom   13     575,484,145  44,268,011  88,000,000  16,000,000
     22  エルトゥール千葉                        D2  middle   13     720,778,295  55,444,484  115,536,158  16,805,259
     23  富山グリズリーズ                        D2  bottom   13     571,898,711  43,992,208  88,000,000  16,000,000
     24  メタル名古屋                          D2  bottom   13     615,863,338  47,374,102  102,840,259  17,437,343
     25  滋賀リバーズ                          D2  middle   13     697,564,834  53,658,833  112,000,000  16,817,428
     26  京都ホーネッツ                         D2  middle   13     687,774,631  52,905,740  108,587,508  18,190,208
     27  神戸スパーズ                          D2  bottom   13     595,379,333  45,798,410  96,768,516  16,742,477
     28  信州ブレイクストーンズ                     D2  middle   13     726,741,143  55,903,164  112,000,000  18,968,778
     29  福岡ファルコンズ                        D2  middle   13     717,000,881  55,153,913  132,680,996  17,083,773
     30  熊本バッテリーズ                        D2  middle   13     690,367,624  53,105,201  121,277,538  16,951,597
     31  福島フレイムボムズ                       D2     top   13     798,217,502  61,401,346  112,000,000  20,342,023
     32  福井ストームズ                         D2     top   13     761,352,594  58,565,584  112,000,000  17,599,031
     33  青森ワルツ                           D3  bottom   13     390,703,611  30,054,123  56,525,301  14,400,802
     34  岩手ベアーズ                          D3  middle   13     498,852,822  38,373,294  72,000,000  18,000,000
     35  山形ドラゴンズ                         D3  middle   13     510,656,953  39,281,304  72,000,000  18,000,000
     36  横浜マーベラス                         D3  middle   13     499,193,948  38,399,534  72,000,000  18,000,000
     37  サミッツ静岡                          D3     top   13     564,359,438  43,412,264  72,000,000  18,000,000
     38  奈良ディアーズ                         D3     top   13     560,536,149  43,118,165  72,000,000  18,000,000
     39  愛媛レッドホークス                       D3     top   13     568,522,421  43,732,493  72,000,000  18,000,000
     40  鹿児島ナイツ                          D3  middle   13     478,444,775  36,803,444  66,571,167  18,000,000
     41  新潟エルトロックス                       D3  middle   13     505,105,772  38,854,290  79,061,407  17,135,186
     42  金沢ニンジャズ                         D3     top   13     596,325,369  45,871,182  82,000,000  18,000,000
     43  岐阜フォークス                         D3  middle   13     507,063,830  39,004,910  72,000,000  18,000,000
     44  香川スピアーズ                         D3  bottom   13     388,303,728  29,869,517  65,738,963  14,638,157
     45  徳島ファイティングス                      D3  bottom   13     409,413,088  31,493,314  68,464,841  15,559,464
     46  鳥取サキューズ                         D3  middle   13     511,759,318  39,366,101  81,518,866  17,882,304
     47  埼玉ライバルズ                         D3  middle   13     479,178,317  36,859,870  79,044,097  17,746,830
     48  岡山リングス                          D3  bottom   13     401,003,699  30,846,438  57,115,064  14,650,146

Division summary (avg total_salary per team)
  D1: 平均総年俸 980,168,071 円/チーム（16チーム・合計 15,682,689,140 円）
  D2: 平均総年俸 697,875,930 円/チーム（16チーム・合計 11,166,014,885 円）
  D3: 平均総年俸 491,838,952 円/チーム（16チーム・合計 7,869,423,238 円）

D3 bottom tier only: 4 teams, avg total_salary = 397,356,031 円/チーム
    id=33 '青森ワルツ' total=390,703,611 avg=30,054,123 max=56,525,301 min=14,400,802
    id=44 '香川スピアーズ' total=388,303,728 avg=29,869,517 max=65,738,963 min=14,638,157
    id=45 '徳島ファイティングス' total=409,413,088 avg=31,493,314 max=68,464,841 min=15,559,464
    id=48 '岡山リングス' total=401,003,699 avg=30,846,438 max=57,115,064 min=14,650,146

========================================================================
Code-path notes (調査用・このスクリプトはゲームロジックを変更しない)
========================================================================
1) Phase A の CPU48は generator.generate_teams → opening_roster_salary_v11 (roll_target_team_payroll + apply_opening_team_payroll_v11) で総額が帯に収まる。
   D3 bottom の target 総額は opening_roster_salary_v11.roll_target_team_payroll で 約 3.8〜4.2 億円レンジ。
2) ユーザー自動編成 main.auto_draft_players は user_team.players を空にし、create_fictional_player_pool → generate_fictional_player 由来の選手で再構成する。
   年俸は generator.calculate_initial_salary(ovr, league_market_division)（OVR×GENERATOR_INITIAL_SALARY_BASE_PER_OVR）で、開幕 v11 のチーム総額再配分はかからない。
3) build_initial_game_world 末尾の normalize_initial_payrolls_for_teams は リーグ上限×margin を超えるときのみ縮小。D3 でも上限 12 億なので ~8〜9 億台は縮小されないことがある。
4) よって「D3 ボトム CPU は ~4 億だがユーザーだけ平均数千万〜億近い」は、設計上ユーザー枠だけ別経路になっている可能性が高い（要: 実プレイ後の user_team 集計で確認）。
